704.1994567213005 315.60904568660817 183.61316237998446 256.60750669018364 200.11738709596548 352.0600647521935 
513.4407427979354 304.18086045924804 183.76802665490246 256.21715030925395 201.85895957214134 352.10518542936614 
515.0219351784198 286.3627995289662 129.50173497074874 166.32333317564877 136.73742305795855 195.41607902531433 
3674.523716951788 403.89459369828916 149.1622529249509 201.69629015625426 160.8923793987479 259.4051033022918 
403.679292187201 3709.367542702839 172.0569265270978 234.776536285093 192.1163833717178 324.30693959458864 
143.93625149527543 164.07974196899684 1662.2148642069808 425.69852236381433 217.9498751551106 279.7438446660244 
143.00564960740488 159.84702854803194 1080.7640214147573 385.6044461258053 206.96642294922052 273.57769558791585 
153.7677351813517 175.71934139423084 2362.898330273101 513.9321446159254 232.5803595334845 311.8038674616434 
201.66365002932707 234.54804071992484 483.29216781214205 3661.835428716671 361.9405185725315 574.3715559129633 
210.4128135372725 241.06895433612544 448.4879336120882 1080.0723501478362 342.28629115674954 619.2772936431469 
140.5493408920562 160.9385400435233 232.36918801347608 347.2950024723645 798.6755720184864 293.377150612403 
193.8420900551683 232.54144513711046 448.4848689045872 1246.0098416435155 432.86524398331795 650.2525773763327 
196.8285381871158 239.28679287551435 494.21652858472 1036.8713520867161 391.694808058302 618.7550805236815 
241.52583478933946 303.1341813889637 357.39311720803875 773.5570935411589 373.8985454359008 1934.0548361219344 
248.59440115181403 315.96357628292736 311.61618006727383 603.8113773342656 397.5868585856002 2390.5253407637642 
